docid	prececl
23549581	0.285714285714	0.6
11401641	0.189285714286	0.833333333333
22744141	1.0	0.25
20739054	0.0	0
16427787	0.0	0
24350813	0	0
21211686	0.5	0.375
24960665	0.0	0
7844976	0.259259259259	0.666666666667
2188766	1.0	0.25
24726342	0.0	0
23103798	0.0	0
25931290	0.0	0
18503531	0	0
8989009	0.0	0
15133359	0.25	0.153846153846
23838728	1.0	1.0
11454878	0.711111111111	0.403361344538
18077611	0.0	0
25950425	0.388888888889	0.0714285714286
21491990	1.0	0.0357142857143
14739125	0.0	0
3067745	0.875	0.666666666667
21982657	0.0	0
14763035	1.0	0.375
8726604	0.5	0.794117647059
20226474	0	0
11737955	0.287878787879	0.6
10934569	0.0	0
21924760	0.0	0
10475150	0.353968253968	0.857142857143
20147856	1.0	0.166666666667
10589810	0.0	0
2088233	1.0	0.666666666667
10940525	0.690476190476	0.552083333333
18337284	0.5	0.285714285714
19727232	0.875	0.666666666667
20804366	0.462962962963	0.85
23114870	1.0	0.116666666667
19802506	0	0
25886492	0	0
19376304	0	0
21914768	1.0	0.833333333333
15358868	0.0	0
21393467	0.0	0
20509069	0.333333333333	0.571428571429
11229858	0.0	0
16505427	0.0	0
4919024	0.0	0
22865017	0.363636363636	0.166666666667
10763172	0.0	0
18783504	0.133333333333	0.1
25898782	0	0
11495215	0.0	0
18773733	0.0	0
23985254	0.401515151515	1.0
7808649	0.333333333333	1.0
24989854	0.0	0
22154769	0.0	0
7853069	0.0	0
1968178	0.0	0
12709693	1.0	0.166666666667
23849147	0.0	0
23021296	0.0	0
22881991	0	0
25479285	0.0	0
9394106	0.666666666667	0.227272727273
23356250	0.0	0
1669598	1.0	0.127272727273
10578479	0	0
15014018	0.0	0
16295154	0.5	0.0833333333333
3074300	0	0
9816035	0.5	0.5
18845996	0.142857142857	0.25
19159999	1.0	0.125
8519720	0.0	0
1286547	0.571428571429	0.666666666667
26210844	0.0	0
8913901	0.0	0
6421395	0.0	0
9695300	0.25	0.2
16167234	0.5	0.0769230769231
1963383	0.9	0.653846153846
2908133	0.0	0
12595499	0	0
22956006	0.844155844156	0.5
9481998	0.888888888889	0.5
21718094	0.0	0
11891832	0.0	0
12960652	0.0	0
2066441	1.0	0.271794871795
17897478	1.0	0.396825396825
22341427	0.0	0
18544974	0.766666666667	0.596153846154
384815	0.666666666667	0.2
20943715	1.0	0.275862068966
24080592	0.5	0.333333333333
14679127	1.0	0.142857142857
25784723	1.0	0.0769230769231
25068497	0.833333333333	0.2
17321989	0.833333333333	0.75
21975269	0.0	0
25885649	0.0	0
24803369	0.0	0
15193668	0.0	0
20560622	0.0	0
8916620	0.0	0
19108790	0.723099415205	0.56
19708562	0.0	0
22271197	0.0	0
22538329	0.0	0
2678230	0.0	0
3534803	0.444444444444	0.666666666667
21106663	0.0	0
25369243	0.333333333333	0.666666666667
17293018	0.357142857143	0.365384615385
6938020	0.916666666667	0.475
12576806	0.833333333333	0.333333333333
11381289	0.25	0.333333333333
12477021	0.0	0
24515505	0.0	0
9730996	0.833333333333	0.666666666667
21866656	0.888888888889	0.142857142857
19301724	0.0	0
7827398	0.0	0
8779382	0.0	0
1131298	0.0	0
11750293	0.0	0
2223363	0.0	0
9573502	0.0	0
1780092	0	0
15848261	0.0	0
23417625	0.5	0.1
17616069	0.0	0
18958161	0.0	0
10764172	0.0	0
12139812	1.0	0.333333333333
6989377	0.75	0.444444444444
3081600	0.833333333333	0.5
8771302	0.0	0
2803397	1.0	0.215909090909
26278470	0.75	0.4
19096921	1.0	0.5
7598243	0.314285714286	0.857142857143
21896676	0.0	0
22897461	0.9375	0.559523809524
10752495	0.0	0
23392542	0.428571428571	0.181818181818
9229602	0.0	0
15854186	0.428571428571	0.25
22435114	0.666666666667	0.285714285714
6920252	0.583333333333	0.4
7017018	0.0	0
3919804	1.0	1.0
16055807	0.0	0
10390665	0.688888888889	0.714285714286
10070173	0.0	0
12586799	0.0	0
18975051	0	0
22416755	0.0	0
21029638	0.0	0
6951573	0.0	0
1459268	0.0	0
11642083	1.0	0.0833333333333
24451919	0.5	0.666666666667
7831628	0.0	0
24317958	0	0
8911222	0.0	0
8911223	0.0	0
20618920	0.619047619048	0.254901960784
18189160	0	0
11317090	0.0	0
7707420	0.0	0
21669557	0.0	0
22420121	0.0	0
6418441	0.402777777778	0.5
18229990	0.0	0
22646975	1.0	0.0857142857143
23357440	0.5	0.25
7814711	0.630555555556	0.757575757576
24660757	0.0	0
361799	1.0	0.25
21170734	0.0	0
24075141	1.0	0.4
10912743	0.0	0
20189026	0.0	0
15858959	0.75	0.5
11829043	0.0	0
11099086	0.722222222222	0.666666666667
2224060	0.0	0
mean	0.312275865572	0.196836860132
mean_2	0.685571153153	0.432136095232
percent	45.5497382199